[-0.5, 10.008680000000002, 6.688481023709008]
[-0.45, 8.73284, 5.243450148147743]
[-0.4, 7.002560000000003, 3.6831705889775512]
[-0.35, 7.040970000000002, 3.5719718468104973]
[-0.3, 5.987460000000001, 2.0984327286061553]
[-0.25, 4.9645600000000005, 1.1264844043528002]
[-0.2, 4.928520000000001, 1.2478587134693029]
[-0.15, 4.62275, 0.39034665363593213]
[-0.1, 4.4360599999999994, 0.4100853394670467]
[-0.05, 3.7533399999999992, 0.003658862539214991]
[0, 3.525809999999999, 0.0010099256275433088]
[0.05, 4.382949999999999, 0.018304203670338522]
[0.1, 4.342, 0.16479855583933664]
[0.15, 4.7495400000000005, 0.6487761779861846]
[0.2, 6.060310000000001, 1.9411496818539882]
[0.25, 6.505470000000002, 1.7757481406296531]
[0.3, 8.00255, 3.86468400498797]
[0.35, 7.285999999999998, 3.3721370228193126]
[0.4, 9.645340000000001, 5.942224362771804]
[0.45, 11.258030000000002, 8.111105535692479]
[0.5, 11.852589999999998, 8.208365170738805]
[0.55, 13.238039999999998, 9.629521812052252]
[0.6, 14.92319, 12.101981933508833]
[0.65, 15.450040000000001, 12.574512047344822]
[0.7, 16.19541, 13.502217074294062]
[0.75, 17.358639999999998, 14.735625231023308]
[0.8, 19.46051, 17.477555843335004]
[0.85, 22.34058, 21.42320142315008]
[0.9, 23.354499999999998, 22.751360662968253]
[0.95, 25.079839999999997, 24.694651565833784]
[1.0, 26.471450000000008, 26.06003873922147]
[1.05, 26.662340000000004, 25.810666693353507]
[1.1, 27.864670000000004, 27.347365525316267]
[1.15, 29.179560000000002, 28.787949377162562]
[1.2, 30.570330000000006, 30.76200254373805]
[1.25, 31.997519999999998, 32.29400183226209]
[1.3, 32.299479999999996, 32.88657081082771]
[1.35, 32.714659999999995, 33.375393933443256]
[1.4, 33.842800000000004, 34.82836665182379]
[1.45, 35.01077999999999, 36.16451624404706]
[1.5, 35.57937, 36.52851253537158]
[1.55, 35.468090000000004, 36.571982485030645]
[1.6, 35.88458, 36.99414956412995]
[1.65, 34.87565, 35.72472655598399]
[1.7, 34.583450000000006, 35.58589346720812]
[1.75, 34.50849, 35.4914491814061]
[1.8, 34.32629, 35.0984859027507]
[1.85, 33.130469999999995, 33.76327704503183]
[1.9, 32.724560000000004, 33.184939958437305]
[1.95, 31.33809, 31.56454076039657]
[2, 30.17542, 30.11885761507062]
